9.310,-17.043,20.807,11.109,-165.864
-6.446,-12.460,-12.941,-14.715,-49.048
14.324,-9.624,29.533,1.439,-161.183
-19.511,9.563,-38.774,-1.116,177.828
-5.917,3.696,-11.428,13.364,40.092
-11.463,9.371,-22.557,-17.609,132.818
17.629,-16.888,33.026,14.852,-210.962
11.189,7.402,22.028,-14.745,-11.840
-18.134,12.168,-34.161,16.041,181.097
2.032,-3.884,3.479,-16.396,-28.715
3.415,-7.437,6.124,5.720,-85.778
-10.841,-2.736,-23.076,8.944,55.170
-2.480,15.378,-6.453,7.709,121.387
6.767,18.385,13.813,9.037,79.768
11.621,15.061,24.956,4.157,53.727
-0.727,8.501,0.435,15.081,45.013
5.060,-1.271,10.227,12.012,-41.435
1.714,-13.354,1.628,16.246,-91.088
-5.702,14.872,-10.434,-14.547,129.300
-12.768,10.186,-25.432,6.514,138.069
-6.010,-11.569,-13.013,-9.231,-32.319
16.952,0.879,35.536,-19.215,-93.994
-1.867,5.696,-4.679,13.068,54.087
12.383,8.255,24.318,3.269,-18.257
-2.813,9.717,-5.327,-2.568,78.758
17.599,0.445,36.617,-16.809,-105.918
10.552,16.654,21.147,4.737,60.610
19.548,1.010,38.813,-5.441,-113.481
3.134,17.927,6.399,15.893,122.498
12.889,-8.300,25.174,5.859,-127.546
-9.370,4.440,-17.352,-11.432,86.298
1.241,14.444,2.529,-14.343,92.545
-18.315,6.358,-36.613,-14.328,144.638
-0.398,-4.506,-1.643,-3.450,-23.472
-3.239,7.810,-7.577,5.567,75.777
-18.026,19.549,-34.690,-10.618,241.730
-7.096,9.837,-14.377,-17.368,124.678
-5.449,19.361,-10.833,18.985,160.016
10.933,-19.608,21.866,3.693,-218.938
-3.760,-5.412,-6.257,-13.218,-13.655
-11.940,-1.236,-25.961,-7.589,80.752
-11.379,-3.847,-22.181,-19.976,32.972
5.992,-13.009,10.883,-12.446,-120.015
-12.660,-18.219,-26.076,4.305,-52.363
-8.302,10.275,-13.814,-0.895,109.309
17.025,6.955,34.429,8.755,-51.847
-7.863,-7.408,-17.350,10.411,12.276
-11.359,19.454,-21.840,19.510,193.390
-18.887,13.690,-37.502,3.504,200.685
-17.491,14.294,-35.209,-12.284,215.559
-11.428,13.769,-23.024,13.947,169.829
6.884,8.723,13.971,-1.112,16.579
-3.800,14.615,-7.568,-19.102,145.243
11.923,-16.828,24.408,-17.472,-204.876
-17.140,-1.837,-33.812,13.510,78.312
5.028,1.196,10.424,-1.955,-10.712
7.331,-16.292,14.573,14.014,-144.720
-14.539,0.635,-29.440,11.295,82.893
17.774,15.346,36.198,-12.392,-13.148
-6.499,16.287,-11.795,-0.256,159.075
18.300,-11.912,36.541,9.637,-185.267
3.522,14.378,7.549,-1.530,84.177
-16.150,-10.392,-31.608,-14.551,35.619
0.143,5.956,1.442,19.877,30.017
18.630,-1.215,38.036,-17.377,-118.210
17.810,13.696,35.861,10.508,6.077
3.791,3.372,8.459,15.320,4.829
-17.878,-9.950,-34.701,-14.971,31.069
11.369,-1.185,23.595,2.278,-81.606
16.110,6.145,30.343,-0.097,-43.921
8.599,3.108,16.949,-14.131,-34.334
1.857,-4.327,4.012,-0.046,-32.272
-3.620,-8.602,-7.536,5.429,-40.123
-14.555,-1.982,-27.768,-1.818,62.691
4.581,-0.496,11.170,-14.977,-49.949
-10.240,2.819,-19.205,-6.683,85.958
14.521,17.571,30.429,-0.107,37.411
-0.244,0.014,-0.933,-14.822,8.240
17.526,-5.803,36.596,-2.418,-156.191
14.705,-2.226,31.476,10.168,-117.533
-8.407,-11.701,-16.627,8.732,-26.031
2.747,11.857,3.487,15.609,62.762
12.252,-10.688,25.428,-14.729,-146.486
1.033,-4.794,1.262,-13.017,-38.756
-5.738,18.066,-10.231,4.674,153.468
17.378,10.142,34.583,-7.617,-37.562
-2.037,-2.442,-2.601,-3.131,-16.965
6.451,17.666,11.543,-4.580,110.101
-2.038,-4.224,-3.127,-5.203,-45.233
19.519,9.216,38.215,19.802,-42.462
8.370,6.345,17.458,-13.363,-2.386
19.950,-14.050,39.202,18.075,-222.706
11.254,10.749,22.387,14.903,-1.053
12.711,-4.958,24.898,-7.144,-109.980
15.215,-19.858,28.772,-18.159,-236.058
16.028,-12.295,31.648,-18.170,-197.549
-0.894,16.790,-2.280,-18.563,125.977
-1.931,-16.958,-5.522,8.558,-93.754
2.100,-8.827,5.068,-8.247,-90.660
1.210,15.554,1.068,15.679,94.994
-10.286,-13.291,-21.643,9.682,-28.796
10.538,19.778,22.410,15.287,73.557
-4.431,15.623,-6.952,-12.259,127.238
17.422,-8.456,35.982,19.648,-160.508
16.798,10.583,34.883,3.625,-41.138
-4.155,-4.882,-10.486,-10.749,-7.492
-12.459,13.402,-25.408,-14.043,177.914
-2.081,-18.046,-2.229,10.307,-126.123
11.456,1.121,22.714,-12.821,-47.536
13.100,11.739,26.756,17.470,-8.821
-9.620,-7.036,-18.955,5.904,17.642
4.937,17.653,10.523,-6.783,85.788
-0.317,3.777,-0.184,5.374,28.499
-16.185,-16.621,-32.984,0.418,-11.350
19.501,16.523,38.815,-9.006,9.664
-1.863,-5.597,-4.618,-15.237,-33.965
-10.606,-14.762,-20.660,-3.555,-37.265
0.483,6.661,0.649,-9.149,26.324
-15.673,10.387,-32.613,14.452,170.874
-7.845,-9.586,-14.984,-18.187,-13.022
16.049,-16.084,30.977,-8.602,-211.478
10.673,11.553,20.511,4.829,27.919
-5.119,-15.125,-8.782,17.098,-79.801
-14.717,3.311,-28.820,9.924,121.502
16.289,-1.771,32.437,-2.403,-121.808
14.993,-16.989,30.123,-15.464,-188.896
-9.847,-10.375,-19.291,-6.282,-9.018
13.666,0.861,27.080,17.649,-67.389
12.912,12.047,28.279,-14.760,-3.246
11.464,10.538,23.391,19.515,10.622
-0.462,-0.480,0.077,-5.159,12.618
16.724,-15.343,30.925,-1.000,-196.536
-8.274,-5.988,-16.367,-9.668,31.671
15.111,7.983,30.641,-6.952,-19.229
-2.227,14.677,-5.599,9.649,118.316
13.189,3.193,26.402,-2.753,-52.982
-1.977,15.959,-4.764,16.602,130.356
-6.235,14.264,-11.847,-9.093,118.886
6.029,-16.497,12.986,-13.242,-134.682
-7.203,4.116,-15.192,-2.495,75.364
-18.131,-9.740,-34.955,-2.129,33.825
7.980,-0.731,14.010,10.995,-46.361
0.007,12.756,1.994,2.154,76.564
-1.414,12.026,-2.307,-6.555,98.426
19.006,-2.802,38.575,-15.305,-123.237
2.793,-8.551,4.965,-14.793,-74.201
-11.732,17.628,-25.284,-8.213,187.638
8.073,0.494,16.729,3.738,-56.483
-8.902,14.197,-18.139,-3.325,149.988
4.687,6.310,8.190,10.023,21.926
18.570,9.309,37.593,0.728,-57.227
-17.530,13.136,-36.404,12.328,211.504
-3.234,14.871,-5.608,0.096,121.797
9.882,16.546,19.079,7.759,69.286
13.641,-11.528,27.809,1.534,-164.637
6.117,14.203,10.607,8.440,53.113
17.970,-4.210,36.798,-1.294,-130.266
6.613,13.471,12.880,-7.465,66.505
-9.126,12.343,-19.217,-1.436,139.871
17.517,-5.989,34.430,9.944,-142.908
12.178,6.446,23.581,-0.851,-24.625
-19.296,9.413,-38.073,-14.765,176.147
-0.065,16.542,-2.230,-2.393,134.180
15.026,16.147,29.122,-3.672,25.891
-15.070,14.596,-31.104,-8.646,184.658
-1.787,-3.225,-2.862,-13.169,-22.455
7.683,17.901,15.977,-11.783,81.638
-17.038,18.801,-32.597,-9.672,229.451
2.177,-17.584,3.211,6.982,-131.252
12.336,-5.152,23.359,0.863,-109.687
3.973,2.250,7.047,17.686,-4.703
-19.156,-12.815,-38.260,19.982,26.755
-7.460,13.316,-14.828,-12.367,132.831
-5.908,-14.248,-11.813,-18.704,-52.396
-13.876,-16.525,-27.654,2.229,-17.481
14.858,0.776,28.909,13.878,-72.018
11.992,2.526,24.299,1.588,-49.825
-18.031,8.919,-35.345,-19.285,164.025
-16.924,16.506,-33.723,14.668,209.414
4.318,4.674,6.571,-19.233,13.173
16.149,-11.111,33.014,5.991,-186.139
13.830,-2.330,26.467,-7.584,-110.143
-6.211,-0.528,-12.392,5.198,26.687
-7.155,-16.087,-16.144,3.781,-54.121
3.976,1.700,7.375,-15.180,-21.816
-0.334,17.635,-1.659,13.231,142.933
12.592,15.018,25.339,-15.459,25.445
-9.077,-8.656,-16.645,5.550,-8.248
-15.674,-2.476,-32.857,-19.147,80.821
-0.123,-4.035,-2.124,12.307,-18.255
-8.427,18.668,-16.937,-11.799,186.605
-0.343,18.415,-0.820,15.980,131.556
5.843,12.816,10.760,-13.614,37.865
6.143,16.922,12.770,-19.948,100.746
7.144,15.449,13.939,-5.732,73.931
0.808,15.760,3.357,13.901,116.577
-8.633,13.656,-18.611,-11.021,164.167
9.219,-16.807,19.971,-13.753,-179.137
-8.063,15.656,-15.457,9.181,162.892
-11.151,-5.708,-21.980,-3.717,23.506
-1.721,-14.269,-4.469,16.611,-72.198
1.939,0.060,4.021,-19.991,-15.976
15.938,-12.613,32.697,-4.345,-186.025
-17.459,-5.138,-34.721,-15.659,57.332
-15.715,7.523,-31.648,-1.362,141.821
-1.425,2.497,-3.033,2.131,19.646
2.197,1.746,3.944,12.533,8.505
5.328,18.252,9.663,-7.969,107.427
0.795,18.005,0.131,4.026,123.503
-18.294,17.017,-38.891,-15.756,251.057
9.691,16.470,19.394,-13.259,53.483
-8.250,-6.166,-16.132,-0.635,4.120
-11.640,6.828,-23.900,3.061,114.330
-17.993,0.795,-35.112,-18.806,105.019
18.516,-1.069,37.121,-6.141,-110.828
-15.479,17.422,-31.419,19.992,234.517
0.457,11.208,0.697,15.746,60.384
10.649,-11.886,19.654,-4.509,-133.338
-3.364,-5.382,-6.270,9.930,-18.808
16.018,15.590,32.412,-17.916,3.676
-10.491,-13.792,-20.930,18.324,-30.784
-14.759,10.270,-30.258,7.313,162.712
-11.016,-9.862,-21.446,-16.403,-0.463
3.667,16.445,7.765,5.435,91.308
2.445,7.694,5.262,-10.745,33.683
12.414,-9.085,24.242,-16.137,-133.769
-11.205,6.582,-22.567,1.669,111.858
14.222,-19.747,28.763,14.039,-208.460
16.557,1.263,32.296,7.093,-59.529
10.999,17.646,22.382,14.279,57.019
19.180,-12.970,40.023,-10.192,-196.073
18.980,6.949,38.901,-1.546,-59.009
5.891,-6.054,11.653,-8.977,-87.240
-9.396,-16.494,-18.984,18.241,-55.436
-5.561,-17.299,-10.914,-15.678,-90.271
-11.311,-14.502,-21.408,6.825,-32.965
-19.169,-14.878,-39.255,-6.537,14.509
-18.614,-7.769,-37.464,2.739,90.977
-9.510,16.343,-17.439,13.301,166.933
9.304,-7.714,17.289,5.731,-112.717
15.309,-14.011,32.282,0.229,-206.335
3.508,18.834,6.200,2.777,111.542
-9.402,9.265,-18.462,18.586,134.801
-16.272,-3.540,-33.236,3.838,90.896
0.259,-5.676,0.179,-19.253,-38.520
-4.647,11.321,-8.551,17.868,107.773
7.200,-11.963,13.135,2.888,-121.646
-6.270,-17.277,-10.967,0.176,-89.138
5.202,-6.325,9.909,-17.623,-68.223
-14.027,-19.019,-28.767,-6.167,-46.702
-3.060,7.380,-4.885,5.837,62.550
-3.422,-5.896,-7.483,-10.572,-8.753
6.702,10.607,14.841,-5.374,24.455
12.364,-0.145,23.422,-0.232,-78.895
-13.408,16.186,-27.224,-7.998,187.444
-10.299,-1.218,-21.083,4.919,46.466
16.855,14.943,35.195,-7.871,-14.121
0.445,-9.247,-0.282,19.527,-58.064
-8.590,4.640,-15.907,12.322,90.629
-5.960,-19.853,-13.269,15.586,-106.333
-11.541,15.788,-22.277,-6.476,148.868
2.651,-16.284,4.685,-3.503,-128.123
-1.239,8.841,-1.446,8.905,65.640
-16.440,12.970,-31.535,11.262,173.447
18.774,-9.327,36.529,8.780,-175.437
13.584,-4.924,28.296,-17.681,-121.307
-10.098,-4.456,-20.945,-14.185,24.762
11.310,19.037,22.373,5.506,60.693
10.596,5.800,20.756,3.936,-13.933
12.761,-1.104,24.865,7.068,-81.050
-3.402,-9.896,-8.455,-18.464,-51.332
-11.401,-5.785,-23.073,10.715,35.917
9.264,-7.101,16.094,11.788,-89.407
-7.204,-15.093,-15.565,5.485,-57.536
-11.401,-2.926,-21.195,-6.837,55.261
1.335,5.692,2.597,1.674,35.997
-4.498,3.327,-10.163,-13.859,43.267
9.034,17.802,17.649,16.363,67.471
17.999,0.190,36.186,19.899,-121.681
11.238,3.092,20.117,14.348,-21.028
-14.619,9.648,-28.856,-18.421,165.122
-13.817,0.651,-26.084,-7.150,70.707
2.611,-17.339,5.157,0.064,-127.023
-5.318,-17.352,-11.619,-3.689,-92.696
19.891,-0.678,39.558,-16.203,-127.439
2.411,18.559,3.526,-9.353,133.396
7.134,-2.473,14.523,0.694,-58.064
-9.510,-6.011,-18.707,3.157,23.551
13.777,-11.521,27.434,-14.276,-165.240
5.987,-0.873,13.813,-7.688,-39.554
1.837,11.846,1.964,7.334,84.061
-19.362,-1.216,-38.661,19.118,119.517
-17.562,8.051,-34.966,6.090,153.893
13.668,2.410,27.479,-5.622,-55.995
1.964,5.479,5.412,17.535,18.950
-17.129,10.583,-35.183,0.875,189.124
16.168,-3.627,31.757,0.446,-110.621
9.743,3.308,19.892,14.242,-55.403
-12.435,18.589,-24.281,-4.694,195.399
3.758,13.242,5.758,-6.357,71.332
-2.821,6.487,-4.970,-17.984,53.781
14.944,-18.981,31.153,-18.686,-222.016
16.828,-5.748,34.610,-18.051,-156.770
4.141,10.144,5.634,17.269,45.917
-12.756,14.774,-24.543,-7.401,163.089
6.344,14.247,13.104,12.646,58.857
-1.321,-17.214,-3.163,-18.930,-115.348
-17.895,-2.331,-36.629,6.797,95.838
7.620,18.970,14.638,13.244,96.479
-11.892,-12.781,-24.166,-6.445,-13.450
-2.578,12.909,-5.306,1.207,105.232
-14.784,-5.668,-30.514,16.553,52.636
-17.073,19.788,-33.272,-12.193,224.635
16.740,14.086,32.899,2.343,4.796
7.256,-16.013,15.345,-4.074,-158.707
-18.437,4.368,-36.090,17.560,139.234
-12.788,6.650,-26.726,-4.299,122.852
6.512,2.168,14.458,-2.252,-17.220
-8.731,11.133,-16.238,-6.506,142.246
10.930,-9.750,21.258,-13.858,-131.268
15.444,2.928,30.025,-2.998,-70.597
3.480,10.285,7.585,-15.180,41.725
0.382,8.322,0.495,-12.368,52.716
11.219,-15.009,20.960,-17.420,-167.025
8.779,16.629,16.424,18.884,61.841
4.113,16.538,8.496,-9.094,108.491
18.527,4.066,36.431,15.913,-78.107
16.101,7.753,32.807,-15.800,-41.271
11.639,4.460,24.005,6.584,-54.872
12.579,11.181,25.110,18.313,-3.877
12.519,18.887,24.266,8.766,57.284
-15.536,-2.461,-30.631,-11.345,79.649
-3.307,10.892,-6.828,2.665,88.072
-17.996,13.077,-35.619,-18.679,206.603
-12.500,-14.819,-25.431,-13.010,-32.158
-1.266,-3.849,-2.693,14.019,-24.424
0.676,17.703,0.031,10.507,135.606
12.458,-5.074,26.242,19.510,-107.154
13.478,16.584,26.444,-11.060,31.646
15.562,-10.367,31.013,1.641,-161.038
9.794,6.244,19.956,-0.658,-14.951
5.850,-16.347,12.178,11.309,-158.294
-11.425,-12.050,-22.262,-12.980,-34.074
5.045,-5.937,8.225,-16.907,-68.900
9.161,19.851,16.720,-4.341,97.927
-16.391,11.670,-32.409,-15.838,180.410
-4.918,11.228,-10.629,4.980,121.487
8.852,13.352,18.222,7.906,44.639
17.908,2.922,36.013,10.631,-96.842
6.862,5.348,14.271,10.007,-10.488
1.691,11.837,4.377,5.677,66.318
-2.929,-19.924,-6.786,-8.295,-117.428
10.777,-15.196,20.878,10.255,-160.102
13.367,15.613,26.714,19.954,22.825
4.093,-0.137,7.545,-1.742,-6.780
18.336,-15.734,35.855,16.888,-209.756
18.627,1.212,37.889,-16.315,-106.859
0.370,-13.738,0.895,-17.954,-92.508
14.735,19.480,27.771,-7.092,61.661
-7.784,18.919,-15.618,3.063,171.401
6.774,2.386,13.542,-10.437,-38.069
-3.283,1.629,-4.897,-5.081,13.793
1.632,-13.250,4.628,-11.081,-107.735
-3.586,10.884,-9.158,12.574,100.613
-12.004,8.713,-24.127,3.783,112.644
-0.740,9.656,-1.760,-6.362,75.026
12.984,13.499,25.053,-4.412,2.646
7.438,1.515,17.577,2.328,-59.643
18.690,2.649,36.490,-19.803,-80.097
8.805,8.657,16.936,-2.037,8.682
14.899,-15.578,30.260,-14.308,-189.142
-9.251,1.114,-18.133,-7.256,62.191
16.589,-7.322,33.991,8.092,-151.767
18.871,-12.661,37.198,-1.154,-202.305
5.974,-16.204,13.273,8.291,-152.852
-15.663,3.454,-31.429,-14.079,119.616
-14.869,-9.694,-31.744,-12.249,28.990
15.457,17.550,31.940,-15.458,35.888
6.913,16.510,14.629,-2.213,84.119
17.903,6.361,36.079,11.471,-50.570
13.900,11.064,27.821,-12.837,-15.060
-14.924,-13.343,-31.379,12.346,19.738
18.709,-10.102,38.517,6.130,-181.768
-7.816,3.222,-16.390,7.869,78.160
16.282,-14.475,32.519,-8.899,-204.120
-2.883,8.488,-4.496,-5.370,51.050
8.514,-17.610,16.573,3.674,-172.789
14.787,7.975,28.756,19.042,-39.209
8.765,16.300,18.060,16.058,66.193
12.546,4.932,23.784,6.776,-60.353
3.525,8.035,7.236,14.746,49.964
17.924,0.774,38.300,-11.381,-110.578
-2.440,14.138,-5.577,15.249,118.713
-6.102,19.241,-11.834,19.274,159.975
-1.240,11.106,-2.183,8.412,90.134
-2.904,8.135,-6.629,10.330,83.873
-11.446,-16.980,-21.709,-1.397,-54.080
18.256,14.373,37.720,1.003,-13.056
-0.223,1.891,-0.780,12.827,32.374
-13.986,-16.690,-27.191,-13.468,-43.941
5.408,18.702,9.796,0.315,115.190
12.900,-15.025,23.910,4.286,-177.422
3.771,-10.145,8.712,17.694,-93.399
13.523,8.948,28.431,13.737,-38.254
-17.166,-2.588,-35.341,1.345,100.918
9.846,10.273,18.356,-19.909,8.468
-13.401,18.917,-24.967,-12.671,209.951
5.123,9.539,10.918,17.467,33.041
5.959,-6.459,12.132,1.509,-76.052
-8.509,-19.025,-17.588,5.575,-103.689
-5.563,-15.435,-10.987,-3.281,-91.435
0.637,-6.243,2.204,9.990,-65.379
-6.697,-9.068,-12.973,-6.793,-37.153
-17.715,-19.848,-35.434,-4.069,-29.619
1.714,13.720,2.502,-12.908,103.782
-18.323,-4.500,-34.753,-19.636,67.001
-17.623,1.018,-35.928,9.469,108.437
-14.596,18.552,-29.034,-13.413,211.986
11.107,15.742,21.671,10.471,45.755
17.232,18.419,32.944,7.488,46.772
-18.833,1.199,-38.864,-4.527,123.735
1.110,18.736,1.817,9.798,122.405
-11.921,-7.541,-23.452,13.977,10.454
19.533,-14.129,36.881,12.175,-208.532
-2.117,19.132,-4.402,8.091,143.929
-10.880,14.190,-20.696,-4.080,175.281
18.975,-0.665,37.528,1.705,-123.384
12.332,10.742,24.457,11.671,-2.139
-1.096,-19.850,-2.771,-0.186,-138.724
-6.211,-2.734,-11.598,15.758,20.871
15.342,9.479,30.819,-12.427,-21.848
2.343,-0.563,5.051,-19.679,-16.432
6.867,-10.444,12.076,-11.393,-116.808
17.074,-5.625,34.139,6.674,-155.347
15.992,6.586,32.218,-17.258,-48.626
6.203,1.808,14.096,3.481,-18.037
6.999,-10.107,14.361,-9.985,-114.624
-4.329,-6.179,-6.562,18.634,-20.346
-16.213,-19.451,-32.795,3.869,-28.798
5.821,7.118,12.646,-9.556,8.781
16.277,-17.639,30.479,-9.032,-204.968
-15.326,9.963,-32.726,-18.708,158.609
3.439,2.466,7.240,3.892,-10.856
6.425,-16.092,12.561,14.345,-174.507
-2.135,0.409,-2.262,17.611,9.556
-4.596,8.083,-9.119,-5.660,66.316
17.538,18.094,35.892,13.067,24.989
6.858,1.838,14.553,-6.900,-32.663
14.341,2.761,28.718,3.034,-68.683
17.825,-9.136,37.809,7.142,-175.144
0.923,-5.260,0.045,-10.474,-41.595
-5.988,-0.764,-12.227,0.505,22.503
19.651,-9.507,39.003,-13.075,-172.167
-6.265,15.543,-12.420,-14.186,134.073
17.754,11.711,33.990,0.808,-31.811
18.678,15.795,38.090,13.923,-26.325
11.524,-10.216,22.717,-10.476,-149.692
13.570,18.308,28.120,-3.193,40.703
-3.619,-13.736,-7.797,14.573,-69.447
16.444,-14.390,32.066,-12.461,-199.270
8.392,-9.553,15.919,17.947,-99.264
-5.204,-15.261,-10.234,8.629,-72.878
6.403,9.496,11.320,-4.938,23.531
13.339,-6.647,27.964,-6.570,-143.139
-3.038,-3.361,-6.213,5.182,9.697
-17.873,1.728,-33.478,-11.442,124.429
-5.109,-18.889,-10.663,-13.149,-122.106
13.505,11.565,28.061,10.022,8.122
10.557,-7.815,19.403,11.708,-113.417
-15.838,-15.037,-30.581,-11.915,-13.014
6.523,-8.075,12.649,-13.450,-100.410
-6.775,17.132,-12.458,-1.985,157.170
3.938,-3.274,8.238,11.103,-54.547
7.863,-18.317,17.937,-8.061,-185.927
-0.088,9.653,0.392,-12.100,61.720
6.732,-5.965,13.013,-15.390,-73.142
19.172,-7.916,38.733,1.142,-152.170
-6.955,8.456,-14.023,-17.958,95.354
10.289,10.780,20.867,2.765,11.456
19.551,-2.249,40.196,19.053,-152.572
15.801,-0.809,31.442,-1.570,-91.002
-4.042,17.727,-7.496,8.306,152.530
9.810,-10.900,20.483,17.537,-141.670
-19.479,19.116,-37.991,14.034,258.332
-11.682,11.748,-22.943,2.791,154.474
-1.191,-9.018,-2.529,-19.040,-37.411
10.177,9.847,20.450,-11.338,21.875
-12.623,-0.775,-25.131,0.305,60.327
17.810,-3.021,35.142,-8.653,-128.617
-5.747,18.104,-11.701,11.968,164.973
14.449,-4.858,29.611,19.588,-101.878
19.749,-15.758,39.682,12.077,-228.153
1.693,3.256,2.855,1.198,15.207
-13.792,8.459,-29.779,9.949,154.826
13.273,16.091,27.878,-18.560,36.941
6.679,6.645,12.416,-1.505,29.674
17.504,0.522,33.942,-11.463,-96.793
15.489,-2.395,30.053,-14.547,-113.850
-14.275,-4.227,-28.849,-2.277,72.285
-14.321,8.988,-29.337,2.314,146.521
-0.431,1.154,-0.013,2.113,8.767
15.361,13.288,29.640,-14.302,16.152
6.608,6.357,13.638,12.891,6.253
0.739,-17.365,1.739,-10.754,-124.909
-2.760,-8.715,-4.480,-2.647,-44.963
18.047,2.885,37.759,2.541,-101.330
2.391,-5.282,4.613,-3.808,-52.507
-8.420,-11.958,-17.009,16.166,-21.624
-10.115,-11.831,-19.967,-8.233,-22.517
0.576,-6.331,1.003,0.589,-37.297
-1.022,-6.405,-2.619,-5.751,-44.698
4.784,-6.331,7.558,18.052,-79.413
18.374,5.698,36.346,-19.173,-76.961
4.060,13.718,7.685,-17.374,68.594
11.536,-3.768,22.070,9.717,-84.004
-19.058,-14.697,-38.276,-9.383,11.376
-12.729,-14.320,-26.099,-14.158,-17.341
9.479,-19.549,18.083,-7.517,-179.025
-11.352,-7.627,-21.103,3.960,20.694
3.459,8.011,5.763,18.457,29.680
-10.678,-12.433,-20.709,12.193,-47.263
-6.018,12.706,-12.513,-17.895,132.206
-12.267,-7.077,-24.267,11.937,36.855
-9.494,1.456,-19.618,3.465,73.641
-18.469,-17.629,-35.408,-14.961,-17.503
-16.610,-19.278,-35.094,19.152,-10.476
-7.774,17.127,-15.031,4.999,181.420
1.813,-9.081,4.587,-4.372,-70.632
-0.632,6.238,-1.187,-12.963,46.487
-18.321,1.898,-36.205,-19.505,114.568
4.056,8.955,9.532,19.150,14.372
-12.764,8.622,-22.750,13.704,115.962
2.528,-18.406,5.180,-11.756,-157.056
-14.014,17.600,-26.902,11.500,230.477
16.306,-0.252,32.280,-5.985,-86.017
13.043,8.567,25.561,14.466,4.271
-12.412,-4.460,-23.383,-15.342,30.482
-18.026,0.827,-35.189,-6.251,129.688
-8.496,4.152,-17.201,10.313,84.409
12.362,7.574,25.480,12.034,-16.236
-0.669,-6.962,0.356,-5.287,-49.857
4.175,-15.525,8.767,13.847,-133.186
-19.153,-16.459,-39.412,1.209,10.999
-3.095,-14.783,-6.274,-13.987,-94.328
4.557,-5.490,7.033,17.644,-59.485
18.005,12.763,35.407,-11.391,-7.467
-14.966,-18.290,-29.373,19.510,-43.438
3.739,-3.487,8.175,12.564,-49.146
-7.798,14.302,-16.169,2.843,139.346
-0.689,-15.605,0.916,-5.549,-116.474
18.351,6.092,35.442,-1.431,-60.618
11.083,-10.228,22.058,1.917,-132.821
-1.898,5.394,-3.692,18.621,46.600
-7.581,-0.074,-16.034,-18.036,45.085
0.268,6.822,1.629,-1.944,36.489
-2.762,-19.917,-4.692,1.521,-127.718
-18.608,1.313,-40.104,15.468,148.604
-6.607,-17.799,-14.874,-6.527,-74.192
15.666,17.151,31.447,-4.202,31.821
5.091,5.395,9.914,-13.223,-1.645
-1.443,-18.767,-4.883,7.449,-110.103
-1.860,-12.435,-3.668,-17.272,-70.068
12.034,-9.209,24.238,-0.120,-144.103
2.860,3.875,6.520,7.672,-1.698
-7.401,-2.552,-15.424,-13.131,21.134
-3.486,-16.853,-7.187,17.273,-83.690
4.538,-15.586,8.886,2.156,-126.676
7.321,1.616,14.645,0.455,-25.917
14.488,-2.027,27.915,3.536,-85.994
-19.968,-0.076,-38.438,-14.788,112.394
-12.323,-9.891,-24.484,-10.551,2.788
-4.958,-7.056,-11.417,-10.971,-3.974
-13.741,-0.126,-28.457,14.193,88.233
-15.280,1.514,-29.447,3.399,84.639
0.234,-10.591,1.041,-9.938,-76.636
2.242,7.925,3.342,-12.539,54.133
8.044,3.758,17.106,19.651,-18.930
-18.422,11.135,-37.251,11.107,186.532
-3.080,-11.327,-6.956,0.501,-42.001
-13.304,-17.868,-27.686,-4.097,-50.107
-12.718,18.486,-24.811,3.147,209.213
8.173,-5.106,17.115,6.781,-95.587
-19.841,14.566,-40.972,-5.769,210.478
-13.707,19.090,-28.039,-18.473,228.427
12.858,-14.508,25.032,19.533,-179.208
-18.240,0.250,-36.823,10.380,116.893
-5.062,4.242,-11.312,18.138,53.059
-11.264,-14.636,-22.536,-17.914,-41.306
11.226,8.955,21.583,-10.063,-9.347
1.532,-10.486,3.138,-12.293,-81.695
-13.995,-19.574,-27.734,17.518,-61.002
-3.298,-10.747,-6.774,5.630,-44.462
16.987,-19.734,34.073,-15.057,-253.306
0.250,16.543,1.950,-14.356,117.076
-18.185,5.907,-37.581,-19.616,160.469
13.334,-17.120,27.286,-14.282,-219.518
-7.267,5.422,-14.891,-11.504,78.481
-15.209,-11.855,-31.534,4.751,6.407
-3.648,-15.546,-8.209,-19.244,-93.499
-8.207,-9.354,-18.242,7.950,-0.282
-6.925,-19.768,-13.975,-8.674,-69.372
-3.694,-12.988,-7.967,-3.338,-71.362
2.347,1.581,3.528,16.085,18.393
3.740,17.620,7.224,-10.333,103.595
1.008,7.987,2.149,-7.009,61.237
16.782,6.133,35.223,18.347,-51.401
11.578,-5.774,21.895,12.149,-95.602
-11.475,10.494,-22.315,3.820,135.933
3.483,7.463,6.722,15.911,27.426
-4.205,16.764,-7.852,-16.477,136.988
1.260,5.008,3.672,14.891,41.123
4.115,-18.377,7.421,18.966,-134.148
3.521,8.142,5.867,-1.310,45.574
-18.448,1.395,-36.553,5.538,117.544
-13.486,-18.854,-26.314,-9.438,-35.345
1.794,-18.906,2.258,9.376,-125.324
3.613,3.287,6.564,-0.122,9.425
-6.661,18.777,-14.837,15.229,184.969
-3.090,14.351,-5.779,15.019,127.631
5.802,-10.020,11.636,-10.368,-90.015
9.404,19.578,19.252,14.240,83.851
-9.974,18.957,-18.959,0.550,175.899
-14.021,-7.342,-27.995,-7.778,20.721
-9.612,4.706,-18.958,11.560,88.715
11.337,5.404,20.076,-6.184,-20.854
16.431,5.651,33.865,19.244,-66.109
-12.153,-10.355,-26.264,17.500,26.875
-9.758,6.330,-18.324,-17.026,94.673
-17.015,15.913,-34.533,-1.367,218.449
-7.351,-13.238,-13.727,17.211,-64.465
-0.148,4.422,0.851,-4.473,25.410
-18.365,-3.783,-36.369,-3.911,93.415
16.641,-13.714,34.431,4.202,-206.088
-5.282,-2.212,-11.280,18.204,12.221
-19.905,-11.809,-41.018,-1.480,50.404
-4.929,-11.043,-10.562,3.115,-50.149
15.454,-12.633,29.739,-19.149,-179.452
-1.896,16.383,-3.746,1.542,141.861
0.390,13.074,0.162,1.671,83.184
19.897,-4.606,38.624,-16.680,-148.548
18.905,16.138,35.934,10.157,-0.927
-8.540,-0.829,-17.470,-16.060,43.110
2.890,-13.402,3.672,4.038,-114.557
-12.003,-17.328,-22.380,18.050,-49.971
-9.467,-2.932,-19.954,-16.700,43.738
-10.475,18.876,-19.201,12.433,193.047
9.317,-14.200,19.561,-6.822,-159.137
15.032,-7.030,29.644,14.551,-122.784
-10.789,-13.706,-19.314,0.747,-33.843
-15.072,-19.128,-32.509,-18.518,-18.158
17.010,7.042,34.458,17.251,-39.090
-2.770,-2.198,-6.670,15.658,-1.354
1.646,15.994,4.161,-15.584,101.382
-9.884,18.605,-19.335,11.322,172.521
-15.138,-9.363,-30.590,12.470,29.796
-10.429,-9.454,-19.448,-6.216,5.960
-0.596,-18.148,-0.687,14.877,-123.599
18.719,4.628,39.214,5.789,-98.017
-6.948,14.097,-12.409,12.558,126.480
2.935,1.709,5.352,1.031,-8.861
13.033,18.027,26.355,-6.511,36.638
4.814,-2.480,8.730,-15.156,-37.190
-18.665,6.411,-38.070,-17.295,172.143
-16.524,3.851,-33.615,-7.764,118.325
13.377,10.749,28.411,3.012,12.766
-0.283,15.265,-1.477,4.406,121.155
8.507,-19.285,17.179,-6.309,-185.540
-7.765,18.306,-16.646,-13.522,171.393
-0.254,-5.046,0.251,-6.934,-45.037
-1.527,2.151,-3.838,6.167,17.061
-7.217,1.355,-13.493,5.629,47.033
-15.622,-12.850,-31.682,-0.429,-1.976
-1.748,8.289,-4.471,4.392,94.042
-19.588,4.878,-39.835,-5.098,148.024
-13.591,12.280,-28.260,7.562,178.065
14.490,-1.695,29.395,-11.218,-105.228
-13.314,-4.086,-26.389,-14.347,63.977
-13.462,-8.386,-26.212,9.412,15.061
17.210,-17.030,34.319,12.361,-205.469
4.452,-3.957,9.818,14.544,-62.839
18.355,-18.955,36.329,17.051,-238.510
-0.897,11.756,-1.295,-11.505,70.160
-10.704,-6.128,-20.970,10.283,18.132
-18.023,-14.866,-35.808,-16.765,-2.860
1.915,5.546,1.476,11.645,34.308
-12.762,-5.684,-25.641,-6.851,54.625
-7.378,-19.387,-13.480,-9.763,-89.171
9.217,-16.779,18.223,15.721,-169.518
7.025,18.195,15.031,16.921,96.523
3.366,12.081,5.781,-14.865,87.248
4.725,-3.526,9.073,-7.880,-50.058
-5.564,9.534,-12.710,-9.548,95.777
7.991,18.120,16.093,-2.288,72.648
12.262,8.024,23.915,0.482,-11.302
7.921,-7.873,18.042,-4.754,-117.730
-5.845,11.244,-12.649,-2.205,117.657
-13.240,-14.335,-25.995,-1.577,-32.359
-1.384,-18.221,-3.520,18.884,-112.298
14.112,19.129,28.202,19.959,33.920
-10.633,4.205,-20.615,9.283,78.719
3.323,-2.562,8.345,-17.917,-31.701
-11.725,3.986,-23.825,-10.523,106.588
-11.573,8.599,-23.855,8.794,117.449
-12.482,6.145,-26.022,-10.522,123.865
11.110,-2.714,21.778,10.741,-84.328
12.672,-2.157,22.430,11.283,-99.607
17.267,-4.082,34.503,-4.126,-135.635
3.770,-3.259,8.823,-15.365,-46.927
1.021,-12.458,1.416,5.785,-70.525
3.672,16.831,7.862,-3.578,94.491
18.294,2.738,36.557,-9.209,-82.549
-15.161,8.996,-29.837,-2.785,155.825
-18.174,-4.212,-37.417,12.869,90.085
-8.620,7.892,-15.281,19.109,115.125
0.867,-8.071,2.398,-14.993,-67.806
11.497,-15.995,23.708,17.872,-176.572
6.917,11.225,12.271,5.199,24.895
14.160,10.860,27.739,12.064,-15.284
18.074,-0.905,37.876,14.552,-130.094
-5.444,-3.280,-10.645,13.768,2.451
-4.375,14.662,-8.233,-0.882,135.779
11.931,16.402,24.910,-13.719,32.182
18.931,7.766,38.301,-14.974,-51.497
-10.267,-3.172,-19.046,8.759,32.002
-3.380,-5.158,-6.065,-1.505,-22.224
-15.621,7.083,-30.992,-13.513,149.215
3.724,12.608,7.260,-14.237,77.934
0.333,-13.597,-3.494,6.587,-76.135
4.102,15.371,10.852,-19.134,62.218
15.680,8.217,31.499,3.791,-34.335
14.630,-10.455,27.831,12.764,-150.511
-13.615,11.135,-27.973,-3.956,175.191
-4.333,-4.607,-6.596,10.991,-27.323
9.282,-12.007,18.712,-12.292,-123.112
15.268,12.594,33.183,11.205,-19.981
1.088,5.460,1.660,-5.547,24.737
4.519,-7.974,10.783,4.858,-97.682
-16.593,4.893,-32.230,1.004,126.711
17.280,12.901,35.428,0.669,-11.292
6.062,0.707,11.046,-2.447,-28.003
-19.760,-2.988,-40.053,-8.211,120.102
-8.366,-6.986,-16.351,6.075,5.489
4.565,-19.633,9.575,3.849,-169.828
14.273,3.115,28.452,-11.522,-48.742
0.025,-1.033,0.157,0.073,6.341
10.159,-16.856,21.168,-1.923,-198.103
2.946,14.457,5.996,-19.417,64.869
10.855,14.197,20.920,18.245,41.984
11.824,0.254,23.280,-1.772,-70.276
18.402,-5.961,35.561,2.825,-151.313
-3.236,-7.080,-7.076,-12.920,-36.567
17.403,4.445,36.044,12.787,-93.319
-12.103,-4.541,-25.256,-8.753,41.582
-14.767,3.367,-29.471,-8.056,100.063
1.198,3.612,1.863,-4.950,21.082
-17.246,16.084,-35.038,-4.750,238.519
-16.156,-8.648,-32.622,14.705,36.477
3.601,0.541,6.512,14.350,-22.834
-15.858,-17.013,-32.551,-19.232,-19.792
15.058,-19.455,29.596,-4.656,-237.576
12.111,-2.303,21.801,13.031,-68.358
3.581,4.212,6.912,-12.429,3.459
-13.857,1.493,-28.076,3.218,108.048
5.490,-0.269,10.706,5.888,-36.969
16.536,16.210,31.752,7.330,4.706
-2.246,10.729,-6.518,-4.365,103.003
-3.412,-16.633,-7.556,9.025,-83.377
-3.636,-4.784,-7.225,14.495,-2.648
-4.489,-9.090,-9.237,-1.376,-39.311
-13.562,3.783,-27.311,-16.843,106.616
10.521,17.407,22.031,11.680,44.775
9.732,-7.746,19.195,10.116,-123.284
14.308,19.976,28.572,10.383,34.305
-16.323,2.535,-30.738,-14.171,115.108
-15.123,11.596,-29.849,-9.585,166.646
9.238,17.452,16.797,0.839,78.990
17.504,6.230,34.073,-17.293,-51.223
2.465,-3.973,3.453,4.069,-27.956
3.658,-15.300,8.698,-17.659,-130.695
2.051,11.371,5.044,13.756,67.477
10.774,-10.369,20.558,-14.878,-130.835
-3.309,9.249,-8.148,-14.246,90.180
-4.861,12.072,-10.018,17.671,116.687
-7.798,6.478,-15.014,15.802,81.633
13.225,18.477,25.183,-4.586,42.060
-5.974,-11.795,-10.333,11.215,-67.565
-8.431,1.143,-14.571,10.174,44.512
-0.335,-6.969,-1.917,9.244,-49.773
10.906,-16.308,19.352,8.563,-166.011
18.331,8.812,37.962,4.827,-39.647
17.372,15.566,36.074,-1.804,-10.319
2.093,11.810,6.413,0.328,70.176
8.967,16.188,16.977,18.376,64.765
-13.748,-0.022,-27.968,5.360,91.211
11.037,12.731,22.155,-11.028,48.581
-9.810,9.536,-19.193,13.793,118.447
-3.907,16.443,-7.300,15.656,113.865
2.670,11.333,5.543,-6.592,57.366
12.461,-11.567,25.981,0.381,-166.401
6.226,7.810,14.010,18.984,-5.533
18.180,3.132,37.901,-7.106,-86.077
-0.455,19.137,-0.418,2.299,131.969
-11.541,8.604,-22.920,14.530,136.130
-3.264,5.068,-7.516,-17.361,64.297
12.708,18.919,25.662,-16.513,64.003
-10.608,5.009,-20.621,18.421,96.906
9.934,-19.380,19.442,9.745,-176.839
-5.046,-19.938,-9.599,-1.263,-125.283
-6.231,-10.624,-12.825,-14.554,-30.207
4.815,10.979,10.051,16.699,52.016
1.449,-2.754,3.433,4.467,-25.408
-15.377,3.990,-31.869,-17.904,112.775
14.594,-13.988,28.741,-10.508,-178.645
-15.992,-11.509,-30.827,-18.479,13.412
12.450,7.904,25.423,-19.382,-28.402
-11.806,-2.158,-24.193,7.157,63.337
3.660,-3.012,7.229,11.936,-57.356
17.552,-18.065,34.254,2.368,-231.676
-10.110,-4.533,-19.935,2.276,19.323
9.842,8.304,19.656,13.653,-1.306
-3.373,-7.059,-8.617,-0.451,-29.912
0.069,-12.726,-0.642,2.376,-79.106
-4.564,-18.653,-9.114,-13.538,-79.529
17.507,-11.599,34.503,15.867,-190.793
3.295,6.282,5.705,-18.493,40.141
12.660,-9.543,26.452,3.674,-158.145
6.878,-8.173,13.677,-0.669,-103.770
14.945,17.923,30.978,-5.486,32.986
19.592,3.316,40.944,-7.468,-110.554
5.286,-19.862,10.732,5.641,-159.193
4.735,-3.697,10.443,14.199,-52.594
-17.596,16.468,-34.023,2.184,210.136
18.181,-19.010,34.964,-10.651,-230.887
9.053,11.953,17.639,-7.762,45.402
5.376,-4.529,8.859,5.973,-44.495
0.280,18.871,1.539,7.608,117.624
15.780,7.352,32.408,0.944,-27.588
7.180,18.284,16.165,17.576,79.542
-12.427,16.166,-24.425,14.744,207.522
8.262,-13.167,17.395,9.680,-131.415
13.247,9.078,27.750,16.556,-22.424
-14.525,-1.132,-29.894,-13.011,72.840
8.737,-12.930,16.163,-14.852,-144.378
11.640,13.218,22.016,4.632,2.768
-19.882,-8.690,-40.195,13.226,71.004
-9.771,10.577,-20.675,10.089,131.281
1.273,5.701,2.713,3.030,28.354
9.024,-8.825,19.379,-17.741,-111.042
-15.589,-10.342,-31.849,-6.497,32.359
-12.960,-1.512,-24.471,12.521,67.617
-18.518,-10.689,-35.924,-0.826,37.419
-6.955,-17.711,-12.978,-2.504,-75.496
-14.907,16.829,-30.887,10.175,199.995
-5.178,-1.235,-11.368,-8.750,35.538
-6.950,15.098,-14.739,16.648,151.994
13.915,0.275,27.873,16.605,-90.458
16.224,-14.322,31.484,7.063,-182.245
8.135,2.842,13.747,9.866,-18.210
3.496,-7.817,6.671,-7.068,-78.380
1.055,-16.351,2.808,13.796,-134.693
-12.271,17.432,-24.140,-19.764,201.638
-8.498,0.861,-15.348,1.517,54.915
17.090,0.197,34.385,-6.166,-96.292
-5.461,-19.137,-11.023,3.798,-74.878
13.006,-3.869,25.501,-17.737,-75.202
5.095,5.865,8.935,-11.683,26.943
14.929,18.901,30.758,-6.200,23.019
1.972,13.094,3.140,-9.999,71.160
-13.001,12.380,-26.471,-16.244,178.752
-0.238,12.730,0.426,-18.880,83.477
-3.897,13.339,-7.288,7.755,102.128
-8.840,-18.251,-19.004,-18.315,-67.183
15.527,17.938,31.028,-17.492,24.579
19.568,-19.577,39.821,10.086,-271.322
-6.638,-11.932,-13.196,5.454,-42.492
-17.820,15.444,-35.016,14.880,223.618
13.958,-17.391,27.568,1.255,-202.118
-18.220,19.373,-35.649,-16.393,248.672
-15.523,-5.224,-32.332,9.341,56.369
-11.364,-2.961,-22.575,4.259,50.163
-6.486,18.520,-11.615,-9.108,159.401
-19.186,-10.212,-36.859,2.962,17.148
3.139,16.030,7.661,-14.228,96.428
8.322,10.262,17.137,-8.172,25.558
16.288,12.946,31.976,0.351,-3.819
-18.759,9.036,-38.893,5.372,164.531
12.767,-14.979,25.752,-8.137,-191.735
16.581,9.902,31.246,-14.646,-19.943
-8.563,7.475,-16.426,-3.091,101.458
11.197,13.450,21.909,-14.310,24.541
0.572,-6.152,1.046,-0.084,-24.899
10.918,15.461,20.370,5.514,44.738
6.980,6.178,13.855,-14.751,-4.466
-18.628,9.594,-38.727,-12.596,204.274
-13.448,19.084,-23.961,-12.161,207.825
12.766,-5.607,25.590,10.823,-105.557
17.505,-13.321,34.930,2.070,-191.570
-5.666,11.478,-12.437,-15.710,129.601
-5.337,-4.836,-10.237,-19.245,-4.255
-1.468,-3.374,-1.506,4.552,-19.045
7.260,18.110,14.793,-6.228,87.679
-6.229,-7.095,-12.708,-4.535,-3.437
-14.607,-10.631,-28.913,-16.384,-0.482
-19.939,-14.038,-38.418,-7.778,9.974
-6.396,3.025,-14.631,-15.082,71.238
-2.925,18.857,-6.150,-7.679,156.586
1.480,7.960,4.153,17.510,43.595
-15.221,7.047,-28.423,-18.857,139.153
-0.490,-11.572,-3.518,-2.019,-79.763
19.255,-19.682,38.681,12.751,-251.441
17.800,-4.260,34.654,7.714,-129.238
-11.818,-11.846,-23.731,9.174,-17.702
8.515,-7.716,15.167,15.028,-95.597
14.601,-14.887,30.094,-10.440,-210.703
-3.165,-0.791,-7.065,12.124,18.673
-17.489,-10.645,-34.909,-4.308,42.849
0.029,8.295,0.246,-9.242,70.736
-11.701,6.132,-24.891,-8.912,125.483
1.807,-14.675,3.234,-19.959,-105.824
5.687,7.683,11.734,13.164,14.507
-11.890,3.508,-24.381,-7.271,90.322
19.985,-4.408,40.310,-14.274,-153.489
17.936,-19.353,34.494,11.618,-246.704
3.505,10.600,4.684,14.544,65.293
-13.847,-0.822,-28.000,7.436,67.494
-12.329,-9.990,-24.239,3.904,20.157
-12.850,3.723,-24.987,-0.862,90.995
-5.799,3.045,-11.180,6.055,47.852
19.910,18.817,39.783,-9.223,14.356
-14.549,15.774,-30.386,-7.535,188.979
7.859,-4.463,15.876,13.633,-92.884
6.635,-19.257,13.459,-8.041,-175.362
17.877,-9.114,37.662,-4.526,-178.746
-15.057,18.789,-28.115,18.913,220.110
-13.026,-13.829,-25.900,-19.112,-13.981
-17.150,16.753,-34.475,-1.765,226.738
0.813,7.408,1.232,15.020,66.819
-1.701,-5.576,-2.849,-18.224,-19.322
-18.573,0.356,-36.617,-8.499,102.041
-6.336,15.642,-14.354,-6.598,145.486
-16.074,-6.007,-31.529,2.088,55.248
-5.980,10.084,-11.080,-7.490,100.040
18.195,-14.481,37.508,-18.429,-214.731
-0.291,19.764,-1.775,-5.404,153.776
-7.888,7.074,-15.457,5.595,74.880
3.996,-18.605,8.307,4.080,-152.686
-15.907,7.678,-32.677,-6.120,159.490
-13.837,6.049,-28.494,-11.688,115.452
18.723,1.131,37.667,-10.475,-110.285
-18.975,17.940,-36.201,-4.363,242.449
-5.407,17.268,-10.136,-3.334,145.735
15.110,-13.597,30.601,-15.436,-190.135
10.612,-7.475,21.969,1.892,-123.719
-8.430,18.128,-17.831,10.329,197.565
5.193,-9.905,11.824,-12.472,-92.733
-19.044,17.086,-39.047,-0.670,226.713
-19.167,-1.630,-38.213,-16.030,91.070
11.325,-1.409,22.483,-17.478,-80.825
-2.853,-8.677,-5.088,13.917,-47.926
-17.713,15.691,-36.446,-6.396,226.252
-9.980,17.462,-19.556,7.795,196.275
-12.400,-2.616,-23.819,11.289,63.125
3.385,-11.595,7.458,-19.626,-117.097
3.579,17.185,7.239,-5.992,113.785
11.962,7.746,22.963,-1.365,-24.086
-11.832,-4.262,-24.054,3.358,42.427
-0.458,-13.793,0.000,11.294,-83.007
7.623,-6.052,14.679,-16.824,-76.638
-4.318,-3.819,-7.898,-2.474,-6.235
-18.289,-9.440,-37.144,-13.706,51.153
13.628,18.172,28.304,17.907,23.052
14.342,-1.469,29.037,17.157,-83.163
-7.073,15.118,-13.606,10.479,166.498
-0.845,-4.167,-2.246,-4.153,-6.503
5.892,-15.567,11.694,-12.262,-127.158
-15.823,-9.610,-31.304,-19.628,29.738
4.679,-16.600,8.096,-11.734,-142.159
5.303,2.144,11.846,-13.267,-23.062
-9.225,3.139,-18.830,-17.775,73.161
4.556,-5.711,8.679,13.298,-69.936
4.992,-8.704,9.763,-19.894,-108.193
6.339,-1.566,12.271,18.066,-52.100
9.428,-12.011,20.390,-7.327,-137.887
19.530,-16.258,38.744,-17.056,-217.858
0.770,-3.169,0.765,-17.087,-24.104
11.134,16.363,22.602,19.398,30.117
-10.043,-7.640,-22.024,-18.104,18.890
9.197,-8.893,19.400,13.898,-113.631
-1.434,18.515,-2.789,7.096,117.766
0.909,10.543,2.600,-8.148,75.617
-12.019,-1.389,-24.130,-16.966,66.981
3.002,1.776,6.117,-5.507,-8.084
11.718,2.983,24.229,16.708,-56.219
15.558,10.378,33.016,-9.270,-21.191
9.136,2.020,17.210,17.197,-35.283
9.913,-18.509,20.638,-14.114,-179.917
-17.898,-9.560,-34.109,9.757,34.143
3.560,2.063,7.302,-7.817,6.194
11.841,-14.315,23.148,11.777,-167.982
-3.345,-15.219,-4.751,-1.141,-95.613
